#type       avg     std     min      p5     p10     p50     p67     p75     p80     p85     p90     p95     p99    p999   p9999      QPS   target       ts_start         ts_end
read      227.8   116.5    80.4   129.5   144.4   215.5   247.4   266.9   281.3   298.2   319.5   350.6   419.7  1350.8  4437.3  29886.5    30000  1778373716620  1778373726764
read      227.5   107.8    80.4   132.1   145.0   214.2   247.2   267.7   283.0   300.8   322.5   355.5   425.0  1046.8  4752.5  29973.0    30005  1778373728276  1778373738399
read      225.1   100.7    80.4   128.3   141.5   210.0   243.3   264.6   280.2   298.6   322.3   358.8   440.1  1139.1  2992.1  30037.5    30010  1778373739912  1778373750017
read      227.0   115.4    86.8   130.9   144.4   211.6   243.6   263.6   278.0   295.7   318.6   353.6   447.3  1574.2  4295.1  29961.7    30015  1778373751531  1778373761634
read      227.6   111.2    86.8   127.9   142.3   213.4   246.6   267.1   282.4   300.4   322.9   358.2   439.2  1349.4  4073.4  29933.3    30020  1778373763146  1778373773247
read      219.9    92.6    80.4   130.5   144.3   208.8   237.2   254.9   268.8   285.1   305.8   336.9   402.6   907.1  3672.2  30050.7    30025  1778373774760  1778373784863
read      229.2   100.6    80.4   130.5   145.5   217.7   250.3   270.2   285.2   302.5   323.6   355.5   420.6   865.3  4292.1  29969.1    30030  1778373786375  1778373796478
read      226.3    92.4    80.4   135.9   149.3   214.6   245.1   264.4   278.5   295.6   316.9   346.4   406.8   686.5  3689.2  30024.6    30035  1778373797990  1778373808096
read      224.9    98.2    80.4   132.8   146.6   212.6   244.2   263.9   278.2   295.6   317.2   347.8   413.1   673.8  3168.0  30023.0    30040  1778373809609  1778373819714
read      221.3    89.3    86.8   131.1   143.5   206.7   237.2   257.1   272.2   290.8   314.6   349.8   433.1  1075.0  2355.2  30052.4    30045  1778373821227  1778373831329
read      227.3   122.1    80.4   132.7   146.1   210.4   241.4   261.3   275.8   294.6   318.2   355.9   456.2  1831.7  4179.7  30004.6    30050  1778373832842  1778373842943
read      229.3    97.0    86.8   135.9   149.7   215.6   246.8   266.2   280.8   298.4   321.1   358.6   440.9  1081.5  3160.1  30008.9    30055  1778373844456  1778373854562
read      221.6   100.0    86.8   128.5   141.3   208.0   238.5   258.2   273.0   291.2   313.8   345.8   424.8  1210.7  3192.7  30142.8    30060  1778373856074  1778373866178
read      241.2   130.6    86.8   138.6   153.0   225.1   259.6   280.3   295.7   314.6   338.6   375.2   475.3  1555.4  5279.9  29896.9    30065  1778373867690  1778373877791
read      228.4   101.0    86.8   134.8   147.4   213.0   245.5   265.7   280.9   299.5   323.4   361.5   453.2  1296.7  3186.8  30083.1    30070  1778373879304  1778373889405
read      228.5   109.0    80.4   131.7   144.8   213.2   246.6   267.4   283.1   301.8   324.9   360.0   444.8  1351.8  3606.3  30103.1    30075  1778373890917  1778373901017
read      226.3   125.2    86.8   131.6   144.5   209.0   240.4   260.6   275.2   294.3   318.1   356.5   460.6  1777.5  5175.9  30059.6    30080  1778373902530  1778373912634
read      240.2   133.3    86.8   137.8   151.8   221.7   255.2   275.8   291.8   310.7   335.2   373.2   506.6  1994.6  4233.0  30072.9    30085  1778373914149  1778373924250
read      229.0   114.5    80.4   132.1   145.8   213.5   245.8   265.9   281.0   299.1   322.3   360.1   456.9  1506.5  3979.3  30143.4    30090  1778373925764  1778373935864
read      228.2   137.7    86.8   129.2   142.6   210.5   242.9   263.5   278.9   297.3   320.8   359.3   462.9  2009.2  4910.8  30169.3    30095  1778373937378  1778373947481
read      228.2   109.2    74.4   130.7   144.7   213.0   245.0   264.9   279.8   297.7   320.8   358.4   450.6  1469.3  3474.0  30102.6    30100  1778373948995  1778373959098
read      227.4    94.7    86.8   141.6   153.5   214.2   244.4   263.2   277.0   294.3   316.0   346.5   415.8   818.3  3613.4  30121.7    30105  1778373960610  1778373970713
read      223.7    84.8    74.4   131.7   145.1   211.1   243.6   264.1   279.0   296.6   318.5   349.7   413.6   625.6  2712.1  30149.8    30110  1778373972226  1778373982326
