#type       avg     std     min      p5     p10     p50     p67     p75     p80     p85     p90     p95     p99    p999   p9999      QPS   target       ts_start         ts_end
read      223.1    89.4    80.4   129.7   142.4   213.3   244.2   261.9   274.1   290.2   310.8   344.3   436.8   810.7  3073.7  29926.6    30000  1777989584320  1777989594455
read      237.6   117.6    80.4   136.7   149.5   220.6   253.0   272.0   286.7   304.6   330.1   379.0   568.3  1479.9  3871.0  29985.9    30005  1777989595969  1777989606095
read      233.1   105.2    80.4   134.6   148.0   219.6   251.3   269.3   282.6   298.1   320.6   365.0   517.4  1290.6  3071.1  30072.0    30010  1777989607612  1777989617716
read      229.0    90.6    86.8   136.9   149.4   217.7   249.3   267.3   280.1   295.4   316.1   350.3   455.4   928.2  3284.1  29989.9    30015  1777989619229  1777989629335
read      239.2   134.7    86.8   137.8   151.0   224.5   258.0   276.7   291.3   309.1   333.1   372.5   485.9  1544.3  6080.6  29950.9    30020  1777989630849  1777989640951
read      240.0   129.6    86.8   138.4   150.8   222.4   256.9   277.3   293.1   312.7   339.0   383.6   507.2  1844.4  4748.4  30008.4    30025  1777989642465  1777989652566
read      233.4   105.8    86.8   135.0   147.3   218.8   253.2   272.8   287.6   305.3   329.1   368.9   475.5  1325.3  3309.5  30114.3    30030  1777989654079  1777989664183
read      236.7   114.4    86.8   135.0   148.4   221.8   255.7   275.3   291.0   309.6   334.7   377.0   485.6  1318.9  4007.8  29963.2    30035  1777989665696  1777989675803
read      244.0   133.2    86.8   139.6   152.3   225.5   260.6   281.1   296.1   316.1   342.8   392.0   541.3  1738.1  4458.0  30101.6    30040  1777989677317  1777989687418
read      250.4   131.5    86.8   142.1   156.6   234.5   270.4   291.6   307.9   327.8   355.2   401.0   515.5  1258.1  4117.4  30016.5    30045  1777989688932  1777989699032
read      235.7   117.2    80.4   136.3   149.4   221.8   254.9   273.9   288.7   306.1   329.6   368.9   472.5  1375.4  4235.8  29942.6    30050  1777989700546  1777989710650
read      236.4   115.8    86.8   136.2   149.0   221.8   254.7   273.3   287.6   304.4   328.1   372.2   519.7  1303.2  3822.4  30088.1    30055  1777989712162  1777989722265
read      224.8    97.0    80.4   130.0   142.9   213.6   244.5   262.2   274.1   290.1   311.3   346.6   467.5  1064.2  3135.6  30064.5    30060  1777989723778  1777989733879
read      239.8   125.4    86.8   136.8   149.9   223.2   257.3   277.2   292.5   311.1   336.0   380.6   518.7  1629.0  4400.2  29950.6    30065  1777989735394  1777989745498
read      250.5   138.8    86.8   138.3   152.5   232.4   268.5   289.5   305.4   324.9   353.5   403.0   550.7  1937.3  4843.9  30014.2    30070  1777989747013  1777989757117
read      237.1   138.1    74.4   131.0   144.7   222.7   256.7   275.4   290.2   307.8   331.7   372.5   498.0  1710.1  5820.3  30026.9    30075  1777989758631  1777989768741
read      227.3    95.8    80.4   132.3   145.4   217.2   249.6   267.5   280.2   295.2   315.8   348.2   442.4   898.9  3197.8  30147.3    30080  1777989770256  1777989780362
read      228.3    95.6    80.4   131.5   145.1   218.5   250.2   268.1   280.9   296.0   317.1   352.2   447.1   846.5  3212.5  30069.3    30085  1777989781875  1777989791979
read      229.3    89.6    86.8   136.9   149.6   219.3   250.6   268.2   280.8   295.4   315.9   349.1   437.6   777.1  3201.5  30024.9    30090  1777989793493  1777989803596
read      226.0    91.2    80.4   132.4   144.6   215.6   247.9   265.9   278.4   293.9   314.3   346.6   441.8   873.7  3330.6  30097.1    30095  1777989805109  1777989815212
read      229.3   116.6    80.4   131.4   144.5   216.9   249.9   268.6   282.2   297.9   319.5   358.3   463.0  1001.2  4674.5  30060.9    30100  1777989816729  1777989826836
